6 0.588296 0.437844 0.073408 0.233562
6 0.506863 0.438031 0.073408 0.233562
0 0.440462 0.411031 0.636911 0.357938
4 0.264076 0.444031 0.082038 0.221937
5 0.345685 0.442625 0.078694 0.232250
5 0.427500 0.441469 0.078694 0.232187
9 0.694713 0.440531 0.090318 0.237937
10 0.182389 0.443625 0.072102 0.225500
8 0.250955 0.299531 0.019554 0.058187
9 0.339315 0.297469 0.019586 0.058188
4 0.384315 0.297469 0.019586 0.058188
10 0.190971 0.297469 0.019586 0.058188
3 0.320048 0.296406 0.019586 0.058187
2 0.295939 0.297469 0.019586 0.058188
2 0.277723 0.298531 0.019586 0.058188
2 0.167914 0.295344 0.019586 0.058187
1 0.369857 0.301656 0.012134 0.058188
1 0.215080 0.300594 0.012134 0.058188
1 0.153169 0.298406 0.012134 0.058187
