9 0.418457 0.383670 0.042553 0.053184
1 0.209973 0.389757 0.019202 0.027079
1 0.157872 0.444438 0.019149 0.027079
10 0.282287 0.382734 0.038298 0.052809
1 0.471436 0.438558 0.029574 0.055393
2 0.202793 0.444906 0.024202 0.032285
2 0.237660 0.439045 0.043830 0.057491
0 0.403059 0.402434 0.604521 0.164419
8 0.176463 0.391161 0.022500 0.030936
8 0.176516 0.444831 0.022500 0.030936
1 0.381117 0.384120 0.029574 0.055431
1 0.472367 0.383464 0.029628 0.055393
1 0.247979 0.382041 0.029574 0.055393
1 0.427660 0.436573 0.029574 0.055393
1 0.156383 0.389082 0.019149 0.027079
10 0.326968 0.383296 0.038298 0.052809
10 0.327500 0.438352 0.038298 0.052809
10 0.282819 0.438352 0.038298 0.052809
7 0.375372 0.438539 0.040426 0.051311
