0 0.851731 0.256923 0.296537 0.395288
0 0.106825 0.259387 0.211638 0.222091
0 0.341178 0.256935 0.233736 0.291418
0 0.583017 0.281635 0.208678 0.231923
0 0.131968 0.588450 0.261925 0.325986
0 0.373721 0.592163 0.198247 0.234423
0 0.584447 0.585962 0.202658 0.231923
0 0.854382 0.590962 0.201293 0.232019
0 0.855812 0.854447 0.124296 0.180048
0 0.594820 0.849531 0.179037 0.185072
0 0.365611 0.854483 0.119928 0.209784
0 0.117155 0.881611 0.214540 0.234375
3 0.097723 0.258125 0.065187 0.195288
2 0.368894 0.854087 0.068017 0.179327
2 0.837665 0.585733 0.068003 0.206755
2 0.559418 0.276190 0.068003 0.206755
2 0.170819 0.248678 0.068017 0.188317
1 0.042507 0.255998 0.030187 0.167043
1 0.505869 0.279796 0.030187 0.198101
1 0.030172 0.599363 0.030201 0.290938
1 0.444274 0.584868 0.032716 0.212476
1 0.536681 0.856034 0.030201 0.152933
1 0.597069 0.848810 0.030201 0.154784
1 0.174361 0.884892 0.030187 0.198101
1 0.788082 0.590060 0.030187 0.198101
4 0.229641 0.590541 0.067155 0.287187
4 0.646990 0.593750 0.071537 0.181250
8 0.158915 0.595493 0.071365 0.304014
8 0.319907 0.584399 0.086422 0.213798
8 0.914325 0.594844 0.069052 0.180505
8 0.840941 0.256755 0.106336 0.386490
8 0.292507 0.255757 0.103779 0.272139
8 0.643815 0.854567 0.057773 0.154808
7 0.401394 0.256070 0.103218 0.260072
7 0.944246 0.251887 0.103204 0.374591
7 0.570553 0.589976 0.072141 0.193606
7 0.086825 0.873522 0.074626 0.182284
6 0.082378 0.591466 0.068951 0.304663
9 0.878922 0.849038 0.050977 0.131058
10 0.643269 0.277921 0.079583 0.208053
5 0.742464 0.265986 0.086624 0.397837
5 0.826149 0.842861 0.049425 0.135913
