5 0.428496 0.340989 0.036848 0.091978
6 0.597645 0.430989 0.040072 0.094286
5 0.503623 0.323077 0.036884 0.091978
5 0.541322 0.322390 0.036848 0.091923
5 0.517826 0.444423 0.036884 0.091923
5 0.556594 0.439066 0.036884 0.091978
8 0.662464 0.292775 0.038478 0.092033
10 0.438931 0.458077 0.035254 0.089011
10 0.622083 0.299643 0.035254 0.089066
7 0.585507 0.309121 0.031159 0.087033
9 0.400580 0.463352 0.037029 0.087143
9 0.389674 0.346319 0.036594 0.087143
4 0.483533 0.452170 0.040906 0.098956
2 0.359674 0.472885 0.040072 0.097088
0 0.482717 0.381951 0.658696 0.284780
3 0.463460 0.329368 0.040471 0.090714
