0 0.237044 0.411067 0.312578 0.154756
0 0.754333 0.413644 0.316222 0.149600
3 0.201111 0.433156 0.057333 0.112356
3 0.711244 0.434756 0.057333 0.112356
8 0.770289 0.433067 0.052133 0.099289
8 0.257089 0.435378 0.052133 0.099289
7 0.834956 0.431978 0.046444 0.097111
1 0.149200 0.432244 0.026933 0.103511
1 0.661844 0.431356 0.030089 0.101733
7 0.321000 0.432000 0.046444 0.097156
10 0.718733 0.364311 0.016400 0.032889
10 0.205556 0.367089 0.016444 0.032933
1 0.704800 0.363533 0.012533 0.031067
1 0.191978 0.366244 0.012489 0.031067
4 0.686111 0.365156 0.018356 0.030667
4 0.174378 0.365689 0.018356 0.030667
4 0.784489 0.364400 0.014667 0.030667
4 0.272667 0.366889 0.014667 0.030667
9 0.308844 0.366222 0.017778 0.032889
9 0.821822 0.367156 0.017778 0.032889
8 0.802556 0.368311 0.019067 0.035911
8 0.290022 0.367356 0.019067 0.035956
